0.515946633168017 0.0788448506547858 0.133898814407519 0.118881585314005 0.137844524532668 0.0924363713325223 0.000865763380180471 0.11305151178481 0.107303502743557 0.130924480127041 0.0777538582885723 0.0999291640851061 0.18042897262119 0.0397055615546064 0.0248773798077988 0 0.167317823323362 0.103734167901997 0.0576789285024326 0.163586900867052 0.394707475278763
0.0788448506547858 0.745217315781797 0.211323131684823 0.0529138948059065 0.0594074413472075 0.177757667166606 0.219416933294288 0.299434457415221 0.302503386669625 0.187265112262888 0.0494014317296914 0.293180863380748 0.104109273729902 0.229872413106513 0.182475637568125 0 0.268607922365981 0.158170049192099 0.288093944560113 0.166365475322835 0.683415866967978
0.133898814407519 0.211323131684823 0.985181453962608 0.24999405450284 0.159809901263493 0.153964576685607 0.188949237514889 0.25214972270282 0.345558318646083 0.333889116777023 0.103648278037773 0.132552674480791 0.161781553043142 0.305238212685872 0.200836333501489 0 0.515924132096312 0.107194223459567 0.116408480585848 0.211258973047396 0.704047430334266
0.118881585314005 0.0529138948059065 0.24999405450284 1.05873272063145 0.222049479648088 0 0.135221041370658 0.319620757015612 0.31363655761578 0.425498889525808 0.130247814782553 0.204355722933395 0.44938652003027 0.461968136858713 0.379201785778199 0 0.355913569706303 0.111024736599666 0.246335941242454 0.0400657147021394 0.442305413383371
0.137844524532668 0.0594074413472075 0.159809901263493 0.222049479648088 1.01969938503584 0.116150562246746 0.14950416591968 0 0.385145397397948 0.179890447092589 0.20054283449475 0.448755046536834 0.386166844886 0.13035635028358 0.0429748867822046 0 0.129550188093236 0.303411981284654 0.220665800244313 0.152017774277801 0.0195776235533187
0.0924363713325223 0.177757667166606 0.153964576685607 0 0.116150562246746 0.701885586471566 0.273831639569597 0.0974591254386599 0.292410334594269 0.274212808468283 0.269968488895869 0.277657336464389 0.0271974113276404 0.0667222008742684 0.227249480230066 0.074362847172912 0.315670325391169 0.335861660946471 0.279997854580869 0.271297992954305 0.330857880214071
0.000865763380180471 0.219416933294288 0.188949237514889 0.135221041370658 0.14950416591968 0.273831639569597 1.04246771064886 0.25803762819949 0.155265803991213 0.410876502950164 0.119062333826518 0.525867661321474 0.10545722690433 0.440011424302966 0.227391700429583 0.177891555564699 0.199473953629614 0.219404019993571 0.282736109932954 0.201210346373072 0.424309496833137
0.11305151178481 0.299434457415221 0.25214972270282 0.319620757015612 0 0.0974591254386599 0.25803762819949 1.21411974505188 0.279415477576084 0.17354360602052 0.160679234526318 0.215265415945163 0.157354439293487 0.404351276163077 0.137940794757129 0 0.235096959313735 0 0.389666435259963 0.354428751933252 0.270270423432065
0.107303502743557 0.302503386669625 0.345558318646083 0.31363655761578 0.385145397397948 0.292410334594269 0.155265803991213 0.279415477576084 1.35762374089737 0.472865499741985 0.350125583388918 0.326319088348538 0.533328516048299 0.222967358752168 0.48347491144826 0 0.46726225304341 0.483294443895277 0.427277560557082 0.231328960844031 0.197053798095456
0.130924480127041 0.187265112262888 0.333889116777023 0.425498889525808 0.179890447092589 0.274212808468283 0.410876502950164 0.17354360602052 0.472865499741985 1.30462404799073 0.157542647321544 0.461251830368653 0.62025363340212 0.525825016256248 0.462421578410405 0 0.545290315183605 0.176682955558263 0.252326419860347 0.200579987075031 0.82172118496131
0.0777538582885723 0.0494014317296914 0.103648278037773 0.130247814782553 0.20054283449475 0.269968488895869 0.119062333826518 0.160679234526318 0.350125583388918 0.157542647321544 0.969528107199597 0.0688298790835484 0.142308749469274 0.0972175510511346 0.28240079718593 0.192034105129503 0.312416544822603 0.440656494952472 0.491252359279262 0.434543190041145 0.429921409383266
0.0999291640851061 0.293180863380748 0.132552674480791 0.204355722933395 0.448755046536834 0.277657336464389 0.525867661321474 0.215265415945163 0.326319088348538 0.461251830368653 0.0688298790835484 1.25480126974097 0.319779577183854 0.348041058321514 0.13341177126877 0 0.108483670874207 0.242570371524395 0.189968171695968 0.177527622532945 0.887770954256354
0.18042897262119 0.104109273729902 0.161781553043142 0.44938652003027 0.386166844886 0.0271974113276404 0.10545722690433 0.157354439293487 0.533328516048299 0.62025363340212 0.142308749469274 0.319779577183854 1.38476844089511 0.407135974241949 0.440255105516146 0.0651476680553119 0.380655948396968 0.246033003120738 0.0778217050516562 0.336750334770494 0.391182995461163
0.0397055615546064 0.229872413106513 0.305238212685872 0.461968136858713 0.13035635028358 0.0667222008742684 0.440011424302966 0.404351276163077 0.222967358752168 0.525825016256248 0.0972175510511346 0.348041058321514 0.407135974241949 1.4120452773615 0.447722016738439 0 0.381664267002648 0.181748280098697 0.343245036650524 0.323788874127851 0.769114387388296
0.0248773798077988 0.182475637568125 0.200836333501489 0.379201785778199 0.0429748867822046 0.227249480230066 0.227391700429583 0.137940794757129 0.48347491144826 0.462421578410405 0.28240079718593 0.13341177126877 0.440255105516146 0.447722016738439 1.39066129267051 0.156803779058198 0.776336485558988 0.26908613010524 0.282188619130987 0.217839723905064 0.396791517013617
0 0 0 0 0 0.074362847172912 0.177891555564699 0 0 0 0.192034105129503 0 0.0651476680553119 0 0.156803779058198 0.613451908792488 0.0767807132129859 0.0647319798609587 0.0922352298634371 0.0669801635855016 0.808514095887345
0.167317823323362 0.268607922365981 0.515924132096312 0.355913569706303 0.129550188093236 0.315670325391169 0.199473953629614 0.235096959313735 0.46726225304341 0.545290315183605 0.312416544822603 0.108483670874207 0.380655948396968 0.381664267002648 0.776336485558988 0.0767807132129859 1.3441524307311 0.25643705803957 0.299981730608932 0.447248726665923 0.755077099007084
0.103734167901997 0.158170049192099 0.107194223459567 0.111024736599666 0.303411981284654 0.335861660946471 0.219404019993571 0 0.483294443895277 0.176682955558263 0.440656494952472 0.242570371524395 0.246033003120738 0.181748280098697 0.26908613010524 0.0647319798609587 0.25643705803957 1.37948135673814 0.452783867783336 0.634929498111032 0.377395544835103
0.0576789285024326 0.288093944560113 0.116408480585848 0.246335941242454 0.220665800244313 0.279997854580869 0.282736109932954 0.389666435259963 0.427277560557082 0.252326419860347 0.491252359279262 0.189968171695968 0.0778217050516562 0.343245036650524 0.282188619130987 0.0922352298634371 0.299981730608932 0.452783867783336 1.17472420689918 0.203576712868521 0.216018915961394
0.163586900867052 0.166365475322835 0.211258973047396 0.0400657147021394 0.152017774277801 0.271297992954305 0.201210346373072 0.354428751933252 0.231328960844031 0.200579987075031 0.434543190041145 0.177527622532945 0.336750334770494 0.323788874127851 0.217839723905064 0.0669801635855016 0.447248726665923 0.634929498111032 0.203576712868521 1.51661953843387 0.790407217966913
